255
254
253
251
247
239
252
223
250
249
246
191
245
238
243
237
127
222
235
221
248
231
219
190
244
189
215
242
236
187
241
126
207
234
183
125
220
233
230
123
218
175
229
217
188
119
214
227
159
186
213
240
111
206
185
211
182
124
205
232
181
95
122
203
174
228
179
121
216
173
118
199
226
63
158
117
171
212
225
110
157
184
115
210
167
109
204
155
209
180
94
107
202
151
178
93
120
201
172
103
198
177
91
62
143
116
170
197
224
61
156
87
169
114
195
166
108
59
154
113
208
165
79
106
153
55
150
163
92
105
200
102
149
176
90
47
142
101
196
147
89
60
141
86
168
99
194
31
58
85
139
112
193
164
78
57
152
83
54
135
162
77
104
53
148
161
75
46
100
51
146
88
45
140
71
98
145
30
43
84
138
97
192
29
56
137
82
39
134
76
27
81
52
133
160
74
23
50
131
73
44
70
49
144
15
42
69
96
28
41
136
67
38
26
80
37
132
25
22
35
130
72
21
48
129
14
68
19
13
40
66
11
65
36
24
7
34
20
33
128
18
12
17
10
64
9
6
5
32
3
16
8
4
2
1
0
