15.8556
14.8556
14.6664
13.6664
14.4414
13.4414
13.2522
12.2522
14.1738
13.1738
12.9846
11.9846
12.7596
11.7596
11.5704
10.5704
13.8556
12.8556
12.6664
11.6664
12.4414
11.4414
11.2522
10.2522
12.1738
11.1738
10.9846
9.98464
10.7596
9.75963
9.57043
8.57043
13.4772
12.4772
12.288
11.288
12.063
11.063
10.8738
9.87381
11.7954
10.7954
10.6062
9.60623
10.3812
9.38122
9.19201
8.19201
11.4772
10.4772
10.288
9.28802
10.063
9.06301
8.87381
7.87381
9.79543
8.79543
8.60623
7.60623
8.38122
7.38122
7.19201
6.19201
13.0272
12.0272
11.838
10.838
11.613
10.613
10.4238
9.42379
11.3454
10.3454
10.1562
9.15621
9.93121
8.93121
8.742
7.742
11.0272
10.0272
9.83801
8.83801
9.613
8.613
8.42379
7.42379
9.34542
8.34542
8.15621
7.15621
7.93121
6.93121
6.742
5.742
10.6488
9.6488
9.45959
8.45959
9.23459
8.23459
8.04538
7.04538
8.96701
7.96701
7.7778
6.7778
7.55279
6.55279
6.36359
5.36359
8.6488
7.6488
7.45959
6.45959
7.23459
6.23459
6.04538
5.04538
6.96701
5.96701
5.7778
4.7778
5.55279
4.55279
4.36359
3.36359
12.4921
11.4921
11.3028
10.3028
11.0778
10.0778
9.88863
8.88863
10.8103
9.81026
9.62105
8.62105
9.39605
8.39605
8.20684
7.20684
10.4921
9.49205
9.30285
8.30285
9.07784
8.07784
7.88863
6.88863
8.81026
7.81026
7.62105
6.62105
7.39605
6.39605
6.20684
5.20684
10.1136
9.11364
8.92443
7.92443
8.69943
7.69943
7.51022
6.51022
8.43185
7.43185
7.24264
6.24264
7.01763
6.01763
5.82843
4.82843
8.11364
7.11364
6.92443
5.92443
6.69943
5.69943
5.51022
4.51022
6.43185
5.43185
5.24264
4.24264
5.01763
4.01763
3.82843
2.82843
9.66363
8.66363
8.47442
7.47442
8.24941
7.24941
7.06021
6.06021
7.98183
6.98183
6.79263
5.79263
6.56762
5.56762
5.37841
4.37841
7.66363
6.66363
6.47442
5.47442
6.24941
5.24941
5.06021
4.06021
5.98183
4.98183
4.79263
3.79263
4.56762
3.56762
3.37841
2.37841
7.28521
6.28521
6.09601
5.09601
5.871
4.871
4.68179
3.68179
5.60342
4.60342
4.41421
3.41421
4.18921
3.18921
3
2
5.28521
4.28521
4.09601
3.09601
3.871
2.871
2.68179
1.68179
3.60342
2.60342
2.41421
1.41421
2.18921
1.18921
1
0
