12.4921
11.4921
11.3028
10.3028
11.0778
10.0778
9.88863
8.88863
10.8103
9.81026
9.62105
8.62105
9.39605
8.39605
8.20684
7.20684
10.4921
9.49205
9.30285
8.30285
9.07784
8.07784
7.88863
6.88863
8.81026
7.81026
7.62105
6.62105
7.39605
6.39605
6.20684
5.20684
10.1136
9.11364
8.92443
7.92443
8.69943
7.69943
7.51022
6.51022
8.43185
7.43185
7.24264
6.24264
7.01763
6.01763
5.82843
4.82843
8.11364
7.11364
6.92443
5.92443
6.69943
5.69943
5.51022
4.51022
6.43185
5.43185
5.24264
4.24264
5.01763
4.01763
3.82843
2.82843
9.66363
8.66363
8.47442
7.47442
8.24941
7.24941
7.06021
6.06021
7.98183
6.98183
6.79263
5.79263
6.56762
5.56762
5.37841
4.37841
7.66363
6.66363
6.47442
5.47442
6.24941
5.24941
5.06021
4.06021
5.98183
4.98183
4.79263
3.79263
4.56762
3.56762
3.37841
2.37841
7.28521
6.28521
6.09601
5.09601
5.871
4.871
4.68179
3.68179
5.60342
4.60342
4.41421
3.41421
4.18921
3.18921
3
2
5.28521
4.28521
4.09601
3.09601
3.871
2.871
2.68179
1.68179
3.60342
2.60342
2.41421
1.41421
2.18921
1.18921
1
0
