19.8556
18.8556
18.6664
17.6664
18.4414
17.4414
17.2522
16.2522
18.1738
17.1738
16.9846
15.9846
16.7596
15.7596
15.5704
14.5704
17.8556
16.8556
16.6664
15.6664
16.4414
15.4414
15.2522
14.2522
16.1738
15.1738
14.9846
13.9846
14.7596
13.7596
13.5704
12.5704
17.4772
16.4772
16.288
15.288
16.063
15.063
14.8738
13.8738
15.7954
14.7954
14.6062
13.6062
14.3812
13.3812
13.192
12.192
15.4772
14.4772
14.288
13.288
14.063
13.063
12.8738
11.8738
13.7954
12.7954
12.6062
11.6062
12.3812
11.3812
11.192
10.192
17.0272
16.0272
15.838
14.838
15.613
14.613
14.4238
13.4238
15.3454
14.3454
14.1562
13.1562
13.9312
12.9312
12.742
11.742
15.0272
14.0272
13.838
12.838
13.613
12.613
12.4238
11.4238
13.3454
12.3454
12.1562
11.1562
11.9312
10.9312
10.742
9.742
14.6488
13.6488
13.4596
12.4596
13.2346
12.2346
12.0454
11.0454
12.967
11.967
11.7778
10.7778
11.5528
10.5528
10.3636
9.36359
12.6488
11.6488
11.4596
10.4596
11.2346
10.2346
10.0454
9.04538
10.967
9.96701
9.7778
8.7778
9.55279
8.55279
8.36359
7.36359
16.4921
15.4921
15.3028
14.3028
15.0778
14.0778
13.8886
12.8886
14.8103
13.8103
13.6211
12.6211
13.396
12.396
12.2068
11.2068
14.4921
13.4921
13.3028
12.3028
13.0778
12.0778
11.8886
10.8886
12.8103
11.8103
11.6211
10.6211
11.396
10.396
10.2068
9.20684
14.1136
13.1136
12.9244
11.9244
12.6994
11.6994
11.5102
10.5102
12.4318
11.4318
11.2426
10.2426
11.0176
10.0176
9.82843
8.82843
12.1136
11.1136
10.9244
9.92443
10.6994
9.69943
9.51022
8.51022
10.4318
9.43185
9.24264
8.24264
9.01763
8.01763
7.82843
6.82843
13.6636
12.6636
12.4744
11.4744
12.2494
11.2494
11.0602
10.0602
11.9818
10.9818
10.7926
9.79263
10.5676
9.56762
9.37841
8.37841
11.6636
10.6636
10.4744
9.47442
10.2494
9.24941
9.06021
8.06021
9.98183
8.98183
8.79263
7.79263
8.56762
7.56762
7.37841
6.37841
11.2852
10.2852
10.096
9.09601
9.871
8.871
8.68179
7.68179
9.60342
8.60342
8.41421
7.41421
8.18921
7.18921
7
6
9.28521
8.28521
8.09601
7.09601
7.871
6.871
6.68179
5.68179
7.60342
6.60342
6.41421
5.41421
6.18921
5.18921
5
4
15.8556
14.8556
14.6664
13.6664
14.4414
13.4414
13.2522
12.2522
14.1738
13.1738
12.9846
11.9846
12.7596
11.7596
11.5704
10.5704
13.8556
12.8556
12.6664
11.6664
12.4414
11.4414
11.2522
10.2522
12.1738
11.1738
10.9846
9.98464
10.7596
9.75963
9.57043
8.57043
13.4772
12.4772
12.288
11.288
12.063
11.063
10.8738
9.87381
11.7954
10.7954
10.6062
9.60623
10.3812
9.38122
9.19201
8.19201
11.4772
10.4772
10.288
9.28802
10.063
9.06301
8.87381
7.87381
9.79543
8.79543
8.60623
7.60623
8.38122
7.38122
7.19201
6.19201
13.0272
12.0272
11.838
10.838
11.613
10.613
10.4238
9.42379
11.3454
10.3454
10.1562
9.15621
9.93121
8.93121
8.742
7.742
11.0272
10.0272
9.83801
8.83801
9.613
8.613
8.42379
7.42379
9.34542
8.34542
8.15621
7.15621
7.93121
6.93121
6.742
5.742
10.6488
9.6488
9.45959
8.45959
9.23459
8.23459
8.04538
7.04538
8.96701
7.96701
7.7778
6.7778
7.55279
6.55279
6.36359
5.36359
8.6488
7.6488
7.45959
6.45959
7.23459
6.23459
6.04538
5.04538
6.96701
5.96701
5.7778
4.7778
5.55279
4.55279
4.36359
3.36359
12.4921
11.4921
11.3028
10.3028
11.0778
10.0778
9.88863
8.88863
10.8103
9.81026
9.62105
8.62105
9.39605
8.39605
8.20684
7.20684
10.4921
9.49205
9.30285
8.30285
9.07784
8.07784
7.88863
6.88863
8.81026
7.81026
7.62105
6.62105
7.39605
6.39605
6.20684
5.20684
10.1136
9.11364
8.92443
7.92443
8.69943
7.69943
7.51022
6.51022
8.43185
7.43185
7.24264
6.24264
7.01763
6.01763
5.82843
4.82843
8.11364
7.11364
6.92443
5.92443
6.69943
5.69943
5.51022
4.51022
6.43185
5.43185
5.24264
4.24264
5.01763
4.01763
3.82843
2.82843
9.66363
8.66363
8.47442
7.47442
8.24941
7.24941
7.06021
6.06021
7.98183
6.98183
6.79263
5.79263
6.56762
5.56762
5.37841
4.37841
7.66363
6.66363
6.47442
5.47442
6.24941
5.24941
5.06021
4.06021
5.98183
4.98183
4.79263
3.79263
4.56762
3.56762
3.37841
2.37841
7.28521
6.28521
6.09601
5.09601
5.871
4.871
4.68179
3.68179
5.60342
4.60342
4.41421
3.41421
4.18921
3.18921
3
2
5.28521
4.28521
4.09601
3.09601
3.871
2.871
2.68179
1.68179
3.60342
2.60342
2.41421
1.41421
2.18921
1.18921
1
0
